0

0

0

0

1.1102230246251565e-016

-1.1102230246251565e-016

2.2204460492503131e-016

-2.2204460492503131e-016

2.2204460492503131e-016

-1.1102230246251565e-016

-1.1102230246251565e-016

-1.1102230246251565e-016

-1.1102230246251565e-016

-1.1102230246251565e-016

-1.1102230246251565e-016

-1.1102230246251565e-016

-1.1102230246251565e-016

-1.1102230246251565e-016

-1.1102230246251565e-016

-1.1102230246251565e-016

-1.1102230246251565e-016

-1.1102230246251565e-016

-1.1102230246251565e-016

-1.1102230246251565e-016

-1.1102230246251565e-016

-1.1102230246251565e-016

-1.1102230246251565e-016

-1.1102230246251565e-016

-1.1102230246251565e-016

-1.1102230246251565e-016

