2
0.72038007280622318
0.72038007280622318

3
0.11525767978078516
0.11525767978078527

4
0.010417200838630625
0.010417200838630625

5
0.0006082334268606715
0.00060823342686078252

6
2.4881770524731728e-005
2.4881770524731728e-005

7
7.5349732553409154e-007
7.5349732553409154e-007

8
1.7580624622759444e-008
1.7580624622759444e-008

9
3.2580904640866493e-010
3.2580926845326985e-010

10
4.9126258616638552e-012
4.9126258616638552e-012

11
6.1284310959308641e-014
6.1395333261771157e-014

12
7.7715611723760958e-016
7.7715611723760958e-016

13
1.1102230246251565e-016
1.1102230246251565e-016

14
1.1102230246251565e-016
1.1102230246251565e-016

15
1.1102230246251565e-016
1.1102230246251565e-016

16
1.1102230246251565e-016
1.1102230246251565e-016

17
1.1102230246251565e-016
1.1102230246251565e-016

18
1.1102230246251565e-016
1.1102230246251565e-016

19
1.1102230246251565e-016
1.1102230246251565e-016

20
1.1102230246251565e-016
1.1102230246251565e-016

21
1.1102230246251565e-016
1.1102230246251565e-016

22
1.1102230246251565e-016
1.1102230246251565e-016

23
1.1102230246251565e-016
1.1102230246251565e-016

24
1.1102230246251565e-016
1.1102230246251565e-016

25
1.1102230246251565e-016
1.1102230246251565e-016

26
1.1102230246251565e-016
1.1102230246251565e-016

27
1.1102230246251565e-016
1.1102230246251565e-016

28
1.1102230246251565e-016
1.1102230246251565e-016

29
1.1102230246251565e-016
1.1102230246251565e-016

30
1.1102230246251565e-016
1.1102230246251565e-016

