0.03075070297980631
0.0012759761636186306
3.0615492409125089e-005
4.790840731905277e-007
5.2769888458925607e-009
4.3136716421088295e-011
2.723377079405509e-013
1.1102230246251565e-015
2.2204460492503131e-016
2.2204460492503131e-016
2.2204460492503131e-016
2.2204460492503131e-016
2.2204460492503131e-016
2.2204460492503131e-016
2.2204460492503131e-016
2.2204460492503131e-016
2.2204460492503131e-016
2.2204460492503131e-016
2.2204460492503131e-016
2.2204460492503131e-016
2.2204460492503131e-016
2.2204460492503131e-016
2.2204460492503131e-016
2.2204460492503131e-016
2.2204460492503131e-016
2.2204460492503131e-016
2.2204460492503131e-016
2.2204460492503131e-016
2.2204460492503131e-016
