0.03075070297980631
0.0012759761636186306
3.0615492409125089e-005
4.7908407330155001e-007
5.2769887348702582e-009
4.313693846569322e-011
2.7211566333562587e-013
1.3322676295501878e-015
1.1102230246251565e-016
1.1102230246251565e-016
1.1102230246251565e-016
1.1102230246251565e-016
1.1102230246251565e-016
1.1102230246251565e-016
1.1102230246251565e-016
1.1102230246251565e-016
1.1102230246251565e-016
1.1102230246251565e-016
1.1102230246251565e-016
1.1102230246251565e-016
1.1102230246251565e-016
1.1102230246251565e-016
1.1102230246251565e-016
1.1102230246251565e-016
1.1102230246251565e-016
1.1102230246251565e-016
1.1102230246251565e-016
1.1102230246251565e-016
1.1102230246251565e-016
